0,68
0,61
0,37
1,83
2,57
3,77
3,49
3,13
4,37
6,34
7,76
8,59
10,5
11,51
11,68
12,90
13,3
13,64
15,12
16,34
17,95
17,18
17,41
18,90
18,38
18,23
19,48
21,70
22,21
23,24
23,70
24,51
25,40
25,60
27,68
28,68
29,26
29,51
29,62
29,39
31,9
31,69
32,77
32,92
32,54
32,2
33,91
35,59
35,94
35,96
36,85
36,56
36,27
36,87
37,88
37,49
38,49
39,64
40,94
40,23
40,92
42,53
42,69
43,58
43,57
43,0
44,45
44,97
44,81
45,8
45,11
46,28
46,5
46,0
49,18
51,86
52,85
52,99
53,84
53,71
54,0
54,52
55,34
56,39
56,4
56,66
57,44
58,61
59,82
60,25
61,37
62,82
63,62
64,0
64,51
66,64
67,40
68,10
69,24
70,88
71,45
75,63
75,34
78,99
78,0
79,49
80,70
81,9
81,24
82,53
82,88
83,30
83,80
84,20
84,14
84,19
85,57
86,59
86,71
86,31
87,52
87,44
87,50
88,69
88,71
89,42
89,91
90,22
90,89
90,58
91,82
93,33
93,96
94,63
95,63
95,84
95,67
99,66
99,89
